$ANSIBLE_VAULT;1.1;AES256
64636161623738386263363833666162366638313963346235646436656264653833393331306363
3630653436616362356535346637623430343638326537370a353539613262613265333863353132
39666632376437346665396232633631626636653563306130333534373531373366656431373133
6361633166346266350a393763613937316263616533636632383161363034393439646231363935
38393830383130386231353730346631303833616663626330653534306539613665666461666436
34643930643638323739393464623335373238376231663366316539656138626439633962326537
30353064663435356564623233343539613435363333623936303862396366373632313630366464
63363530303339303731303431333233613832306236313632393030393935306239323137373463
34353462383936313431336262323734663265313561333462643738663964656166386437343965
35663966666238343137376338656237346462653331313430323632363731333635343332613861
35616535653736343639396337313238323766343033656536613933383664623934636336356232
39386538373964363734383361653864306566356266623662303838336636303564383836356236
35343938653630643630393464383835353161653837373563346237363464633137
